[app/ui]
version = 7.1.0
modtime = 1526507223.015972000

[app/launcher]
version = 7.1.0
modtime = 1526507223.017061000
